104.92
95.37
97.04
93.52
95.58
95.01
94.26
95.58
92.93
95.54
90.85
89.66
92.19
89.88
91.51
95.19
89.86
90.92
91.27
84.52
87.31
90.44
98.72
97.39
79.97
63.34
67.14
75.39
82.62
81.99
77.36
62.2
67.07
83.35
79.15
65.25
65.39
83.49
74.47
76.66
81.74
62.91
61.04
76.13
84.49
86.52
87.6
70.36
67.85
68.59
62.19
84.19
85.73
82.5
70.89
80.76
79.96
72.78
66.24
80.21
83.34
75.31
70.41
77.79
86.11
85.57
81.9
73.07
67.4
72.31
67.49
71.13
82.08
83.81
73.51
42.79
62.61
72.5
70.0
71.78
80.03
85.73
65.85
77.87
71.19
74.84
70.44
75.29
72.89
75.78
67.67
70.74
82.06
84.01
78.14
71.23
77.45
73.46
70.71
75.36
81.96
82.31
82.71
84.06
87.08
99.48
94.63
83.25
81.89
81.66
78.91
67.17
74.6
76.52
78.74
85.04
73.91
61.89
40.51
35.32
62.59
73.83
67.78
15.59
63.94
71.77
8.34
0.0
1.59
27.35
15.55
4.034919500350952