95.31739211082458
176.79980206489563
86.97138237953186
83.62926864624023
365.20867371559143
100.44895339012146
87.45533323287964
82.9203872680664
87.35634589195251
187.76063776016235
92.03516912460327
86.10765552520752
83.75212812423706
82.3147406578064
77.59644174575806
82.07697868347168
174.91116046905518
90.6037244796753
77.76186275482178
64.31549668312073
63.906073570251465
143.63117814064026
76.93324422836304
73.92096185684204
122.63518905639648
219.9001350402832
62.94091439247131
299.4298129081726
58.95300054550171
60.393224477767944
74.62329363822937
161.80798625946045
83.21423125267029
129.87425112724304
66.32649636268616
57.79492688179016
155.46510362625122
73.18579173088074
65.66110825538635
80.53172421455383
147.18642568588257
60.94395875930786
75.31304240226746
152.64130067825317
63.91382050514221
307.5873782634735
69.35990834236145
61.86019802093506
68.33217883110046
127.7234513759613
77.38342213630676
76.35097479820251
67.40644526481628
40.34517693519592
57.01770806312561
129.72640824317932
65.58028197288513
74.8268301486969
76.21767258644104
137.15380263328552
201.38265132904053
88.94429588317871
216.7969810962677
99.62864780426025
220.68559789657593
121.12709617614746
321.866494178772
72.2604649066925
67.56079936027527
218.1027524471283
150.70564937591553
401.25151205062866
205.5956208705902
68.44309449195862
217.1702163219452
249.78860116004944
202.55679559707642
65.98424887657166
8.968451261520386
24.878610134124756
14.336496591567993
3.8763978481292725